65.78022779411941
48.72257498572915
73.87140560662945
17.71796049520482
96.77364865581902
36.030088987144325
73.57144543892369
18.685478569497725
53.66970744451744
74.31925453599952
64.08752069116703
18.616327445492185
66.73167413144215
43.21273333189875
51.362249543733526
13.347601073776062
33.34555410580515
83.11749079036743
96.13960614857501
32.41049367143142
94.6846481822851
75.05376230770091
76.94812086156956
58.024055437052404
72.83565222972871
50.4379109122098
80.12428859238912
6.209870557385333
60.161769564506216
12.560454763866979
57.52862648004435
8.849058747330096
19.963557651958318
66.44203085206043
11.45452014099967
64.50691841611246
52.90826397042632
21.816458092074043
63.20263640367243
57.979448498982954
7.233699461505971
55.181403107725735
36.89132083299763
83.76984296082654
62.39275858897086
91.17365733759002
43.29609410573413
47.082036210325676
95.58985793340233
90.96735304801655
79.8589693701629
57.42222839048742
48.57079469715184
15.959912163738776
72.4810268278769
74.52821405723898
48.06257661568822
68.70188519673735
72.30926051167556
14.1002984741603
97.42003597707146
99.84328572081571
86.45146256607403
71.68646958710677
49.32110444942776
9.810387439702883
65.4004701674028
77.07834540096566
89.76284983474734
66.99339729377833
91.92184207793481
48.7034296771799
12.145501425882522
10.416786822055013
16.256626397274555
77.75301852651518
36.89184847250584
4.180517564520747
60.71357124330243
35.164046333314545
36.83455059821169
63.401740940224386
73.0727549317488
61.07708803321963
61.51406475606917
76.95303016741818
42.69533266051433
66.02157306034813
14.565064503295833
10.984526791448523
5.831657932302658
45.833269092061904
27.529320570818182
89.03388805970468
57.342783183809296
88.1879093823317
90.71825637819745
9.469222261061605
54.897934095026756
27.63878189292367
47.15847388422777
79.07669509089315
48.68326000954683
88.17502408370092
29.188753050985138
12.795835404945077
94.75478018980817
37.57123387611701
18.937134246453024
73.922019686117
13.391118291432491
66.17796396908882
43.691914675028066
6.536975962296376
35.149272452424384
94.30647643540979
75.09047855682505
42.49459412440213
36.79933257816953
6.990196710823415
87.08507320421633
48.98071606046629
6.911695489181602
12.659041051647291
41.80481270758879
19.481990680529837
96.59298728890485
23.141820658845546
14.718297408743375
0.9402606240540234
4.714588054155799
56.41579148104003
40.911461013751904
92.93542736644078
18.95026393297351
70.65130003006487
62.830332836750955
50.93103496193372
84.03709794558574
48.35342005401982
86.49865213717682
74.93332061787278
96.89657338610968
62.78137085565611
8.005334207227587
67.3558450621301
34.60028483409583
75.33039416135364
54.967009490817155
99.44819370375751
5.637450615383099
32.18970234256593
98.70600809208055
34.338714342926636
77.53901318818802
51.343999609868874
32.044255971643906
16.557593221797006
74.63582365718389
16.864971693719365
74.89880646957215
52.84802333285975
58.576007799513455
26.443096610234274
65.27478645670423
77.13961575222295
1.1992973373147642
70.23895268941536
16.786771870704975
13.74958359513051
34.463769952717485
54.38720751200206
75.49970822510346
27.193684367172565
15.343074713384375
20.865267878761816
88.66568438650182
74.43026715368107
74.9599125862655
56.9425796155035
5.842996034830438
55.92719271390318
30.694135121876986
32.055402448465564
68.91912392375168
95.63282050129287
27.601581941662936
47.70581758888771
11.719365742507627
66.74863625271192
41.20229851561488
36.86263036288558
82.16806742978724
20.142488172244445
17.544575456482846
3.345744466115008
20.37950201911456
65.30787742504658
48.42379273881434
48.80445903830357
